(kicad_pcb (version 20171130) (host pcbnew "(5.1.9)-1")

  (general
    (thickness 1.6)
    (drawings 3)
    (tracks 95)
    (zones 0)
    (modules 65)
    (nets 173)
  )

  (page A4)
  (layers
    (0 F.Cu signal)
    (1 GND signal hide)
    (2 VCC power)
    (31 B.Cu signal)
    (32 B.Adhes user)
    (33 F.Adhes user)
    (34 B.Paste user)
    (35 F.Paste user)
    (36 B.SilkS user)
    (37 F.SilkS user)
    (38 B.Mask user)
    (39 F.Mask user)
    (40 Dwgs.User user)
    (41 Cmts.User user)
    (42 Eco1.User user)
    (43 Eco2.User user)
    (44 Edge.Cuts user)
    (45 Margin user)
    (46 B.CrtYd user)
    (47 F.CrtYd user)
    (48 B.Fab user)
    (49 F.Fab user)
  )

  (setup
    (last_trace_width 0.1524)
    (trace_clearance 0.1524)
    (zone_clearance 0.508)
    (zone_45_only no)
    (trace_min 0.1524)
    (via_size 0.508)
    (via_drill 0.254)
    (via_min_size 0.508)
    (via_min_drill 0.254)
    (uvia_size 0.3)
    (uvia_drill 0.1)
    (uvias_allowed no)
    (uvia_min_size 0.2)
    (uvia_min_drill 0.1)
    (edge_width 0.05)
    (segment_width 0.2)
    (pcb_text_width 0.3)
    (pcb_text_size 1.5 1.5)
    (mod_edge_width 0.12)
    (mod_text_size 1 1)
    (mod_text_width 0.15)
    (pad_size 1.524 1.524)
    (pad_drill 0.762)
    (pad_to_mask_clearance 0.0508)
    (aux_axis_origin 0 0)
    (visible_elements 7FFFFFFF)
    (pcbplotparams
      (layerselection 0x010fc_ffffffff)
      (usegerberextensions false)
      (usegerberattributes true)
      (usegerberadvancedattributes true)
      (creategerberjobfile true)
      (excludeedgelayer true)
      (linewidth 0.100000)
      (plotframeref false)
      (viasonmask false)
      (mode 1)
      (useauxorigin false)
      (hpglpennumber 1)
      (hpglpenspeed 20)
      (hpglpendiameter 15.000000)
      (psnegative false)
      (psa4output false)
      (plotreference true)
      (plotvalue true)
      (plotinvisibletext false)
      (padsonsilk false)
      (subtractmaskfromsilk false)
      (outputformat 1)
      (mirror false)
      (drillshape 1)
      (scaleselection 1)
      (outputdirectory ""))
  )

  (net 0 "")
  (net 1 P0.31\NRF_PS_EN\1.1B)
  (net 2 "Net-(D2-Pad3)")
  (net 3 RTC_PS_EN\3.6C)
  (net 4 VBUS)
  (net 5 MODE\2.2F)
  (net 6 "Net-(D2-Pad6)")
  (net 7 +3V3)
  (net 8 "Net-(U2-Pad2)")
  (net 9 "Net-(U2-Pad3)")
  (net 10 "Net-(U2-Pad5)")
  (net 11 "Net-(U2-Pad6)")
  (net 12 "Net-(U2-Pad7)")
  (net 13 "Net-(U2-Pad8)")
  (net 14 ESP_RESET)
  (net 15 "Net-(U2-Pad10)")
  (net 16 "Net-(J3-Pad2)")
  (net 17 "Net-(U2-Pad12)")
  (net 18 "Net-(U2-Pad13)")
  (net 19 "Net-(U2-Pad14)")
  (net 20 "Net-(U2-Pad15)")
  (net 21 "Net-(U2-Pad16)")
  (net 22 "Net-(U2-Pad17)")
  (net 23 "Net-(U2-Pad18)")
  (net 24 "Net-(U2-Pad19)")
  (net 25 "Net-(U2-Pad20)")
  (net 26 "Net-(U2-Pad21)")
  (net 27 "Net-(U2-Pad22)")
  (net 28 "Net-(U2-Pad23)")
  (net 29 "Net-(U2-Pad24)")
  (net 30 "Net-(U2-Pad25)")
  (net 31 "Net-(J3-Pad4)")
  (net 32 "Net-(U2-Pad27)")
  (net 33 "Net-(U2-Pad28)")
  (net 34 "Net-(U2-Pad29)")
  (net 35 "Net-(J3-Pad3)")
  (net 36 "Net-(J3-Pad5)")
  (net 37 "Net-(J3-Pad7)")
  (net 38 "Net-(J3-Pad8)")
  (net 39 "Net-(U2-Pad34)")
  (net 40 "Net-(U2-Pad35)")
  (net 41 "Net-(U2-Pad36)")
  (net 42 "Net-(U2-Pad37)")
  (net 43 "Net-(U2-Pad38)")
  (net 44 "Net-(U2-Pad39)")
  (net 45 "Net-(U2-Pad40)")
  (net 46 "Net-(U2-Pad41)")
  (net 47 "Net-(U2-Pad42)")
  (net 48 "Net-(U2-Pad44)")
  (net 49 "Net-(U2-Pad45)")
  (net 50 "Net-(U2-Pad47)")
  (net 51 "Net-(U2-Pad48)")
  (net 52 -BATT)
  (net 53 RTS)
  (net 54 "Net-(C10-Pad2)")
  (net 55 RXD)
  (net 56 "Net-(U4-Pad5)")
  (net 57 "Net-(U4-Pad7)")
  (net 58 "Net-(U4-Pad8)")
  (net 59 "Net-(U4-Pad9)")
  (net 60 "Net-(R3-Pad1)")
  (net 61 "Net-(R2-Pad1)")
  (net 62 "Net-(U4-Pad18)")
  (net 63 TXD)
  (net 64 "Net-(J5-PadR1)")
  (net 65 "Net-(J5-PadR2)")
  (net 66 "Net-(J5-PadT)")
  (net 67 "Net-(C19-Pad1)")
  (net 68 "Net-(U5-Pad6)")
  (net 69 "Net-(U5-Pad7)")
  (net 70 "Net-(C20-Pad2)")
  (net 71 "Net-(C21-Pad2)")
  (net 72 "Net-(C18-Pad2)")
  (net 73 "Net-(R12-Pad2)")
  (net 74 MCLK)
  (net 75 LRCLK)
  (net 76 SCLK)
  (net 77 SDOUT)
  (net 78 SDIN)
  (net 79 "Net-(R11-Pad2)")
  (net 80 "Net-(R10-Pad2)")
  (net 81 +1V8)
  (net 82 "Net-(U6-Pad1)")
  (net 83 +BATT)
  (net 84 "Net-(C6-Pad1)")
  (net 85 "Net-(C7-Pad1)")
  (net 86 "Net-(C9-Pad1)")
  (net 87 "Net-(C14-Pad1)")
  (net 88 MIC)
  (net 89 "Net-(C20-Pad1)")
  (net 90 "Net-(C21-Pad1)")
  (net 91 "Net-(D1-Pad1)")
  (net 92 "Net-(D1-Pad2)")
  (net 93 SIM_VCC)
  (net 94 "Net-(J1-PadC2)")
  (net 95 "Net-(J1-PadC3)")
  (net 96 "Net-(J1-PadC6)")
  (net 97 "Net-(J1-PadC7)")
  (net 98 SS)
  (net 99 OLED_MOSI)
  (net 100 OLED_MISO)
  (net 101 OLED_SCK)
  (net 102 "Net-(J3-Pad1)")
  (net 103 "Net-(J3-Pad9)")
  (net 104 "Net-(J3-Pad6)")
  (net 105 "Net-(J4-Pad4)")
  (net 106 "Net-(J6-PadS)")
  (net 107 "Net-(L1-Pad1)")
  (net 108 "Net-(L1-Pad2)")
  (net 109 "Net-(PS1-Pad6)")
  (net 110 "Net-(IC1-Pad10)")
  (net 111 /EN)
  (net 112 "Net-(R9-Pad2)")
  (net 113 "Net-(SW1-Pad2)")
  (net 114 "Net-(SW1-Pad1)")
  (net 115 P0.05\USB_UART_RX\1.7E)
  (net 116 P0.06\USB_UART_TX\1.7D)
  (net 117 /FLASH_CS)
  (net 118 "Net-(U1-Pad10)")
  (net 119 /FLASH_WP)
  (net 120 /FLASH_SI)
  (net 121 /FLASH_HOLD)
  (net 122 /FLASH_SCK)
  (net 123 P0.12\MD\1.8B)
  (net 124 P0.13\A0\1.8B)
  (net 125 P0.14\A1\1.8B)
  (net 126 P0.15\A2\1.8B)
  (net 127 P0.16\A3\1.8B)
  (net 128 P0.17\A4\1.8B)
  (net 129 P0.18\A5\1.8B)
  (net 130 RESET\1.8B)
  (net 131 /SWCLK)
  (net 132 /SWDIO)
  (net 133 P0.20\VBAT_MEAS\1.5D)
  (net 134 P0.21\COPI\1.8B)
  (net 135 P0.22\CIPO\1.8B)
  (net 136 P0.23\RX\1.8B)
  (net 137 P0.24\TX\1.8B)
  (net 138 P0.25\VBAT_MEAS_EN\1.4D)
  (net 139 /SIM_RST)
  (net 140 "Net-(U1-Pad45)")
  (net 141 /SIM_CLK)
  (net 142 /SIM_IO)
  (net 143 "Net-(U1-Pad53)")
  (net 144 "Net-(U1-Pad54)")
  (net 145 "Net-(U1-Pad55)")
  (net 146 "Net-(U1-Pad57)")
  (net 147 "Net-(U1-Pad58)")
  (net 148 "Net-(U1-Pad59)")
  (net 149 LTE_ANT)
  (net 150 LTE_AUX)
  (net 151 /GPS)
  (net 152 P0.16\A3\1.6B)
  (net 153 "Net-(U1-Pad91)")
  (net 154 "Net-(U1-Pad92)")
  (net 155 /COEX0\LNA_EN)
  (net 156 P0.03\D7\1.6B)
  (net 157 P0.04\D8\1.6B)
  (net 158 "Net-(IC1-Pad6)")
  (net 159 "Net-(IC1-Pad5)")
  (net 160 /VIN)
  (net 161 "Net-(D3-Pad1)")
  (net 162 "Net-(U4-Pad14)")
  (net 163 "Net-(D4-Pad3)")
  (net 164 "Net-(IC1-Pad11)")
  (net 165 "Net-(U4-Pad20)")
  (net 166 "Net-(U4-Pad13)")
  (net 167 "Net-(U4-Pad12)")
  (net 168 "Net-(U4-Pad11)")
  (net 169 "Net-(U4-Pad4)")
  (net 170 "Net-(U4-Pad2)")
  (net 171 "Net-(U4-Pad1)")
  (net 172 "Net-(C26-Pad1)")

  (net_class Default "This is the default net class."
    (clearance 0.1524)
    (trace_width 0.1524)
    (via_dia 0.508)
    (via_drill 0.254)
    (uvia_dia 0.3)
    (uvia_drill 0.1)
    (add_net +1V8)
    (add_net +3V3)
    (add_net +BATT)
    (add_net -BATT)
    (add_net /COEX0\LNA_EN)
    (add_net /EN)
    (add_net /FLASH_CS)
    (add_net /FLASH_HOLD)
    (add_net /FLASH_SCK)
    (add_net /FLASH_SI)
    (add_net /FLASH_WP)
    (add_net /GPS)
    (add_net /SIM_CLK)
    (add_net /SIM_IO)
    (add_net /SIM_RST)
    (add_net /SWCLK)
    (add_net /SWDIO)
    (add_net /VIN)
    (add_net ESP_RESET)
    (add_net LRCLK)
    (add_net LTE_AUX)
    (add_net MCLK)
    (add_net MIC)
    (add_net MODE\2.2F)
    (add_net "Net-(C10-Pad2)")
    (add_net "Net-(C14-Pad1)")
    (add_net "Net-(C18-Pad2)")
    (add_net "Net-(C19-Pad1)")
    (add_net "Net-(C20-Pad1)")
    (add_net "Net-(C20-Pad2)")
    (add_net "Net-(C21-Pad1)")
    (add_net "Net-(C21-Pad2)")
    (add_net "Net-(C26-Pad1)")
    (add_net "Net-(C6-Pad1)")
    (add_net "Net-(C7-Pad1)")
    (add_net "Net-(C9-Pad1)")
    (add_net "Net-(D1-Pad1)")
    (add_net "Net-(D1-Pad2)")
    (add_net "Net-(D2-Pad3)")
    (add_net "Net-(D2-Pad6)")
    (add_net "Net-(D3-Pad1)")
    (add_net "Net-(D4-Pad3)")
    (add_net "Net-(IC1-Pad10)")
    (add_net "Net-(IC1-Pad11)")
    (add_net "Net-(IC1-Pad5)")
    (add_net "Net-(IC1-Pad6)")
    (add_net "Net-(J1-PadC2)")
    (add_net "Net-(J1-PadC3)")
    (add_net "Net-(J1-PadC6)")
    (add_net "Net-(J1-PadC7)")
    (add_net "Net-(J3-Pad1)")
    (add_net "Net-(J3-Pad2)")
    (add_net "Net-(J3-Pad3)")
    (add_net "Net-(J3-Pad4)")
    (add_net "Net-(J3-Pad5)")
    (add_net "Net-(J3-Pad6)")
    (add_net "Net-(J3-Pad7)")
    (add_net "Net-(J3-Pad8)")
    (add_net "Net-(J3-Pad9)")
    (add_net "Net-(J4-Pad4)")
    (add_net "Net-(J5-PadR1)")
    (add_net "Net-(J5-PadR2)")
    (add_net "Net-(J5-PadT)")
    (add_net "Net-(J6-PadS)")
    (add_net "Net-(L1-Pad1)")
    (add_net "Net-(L1-Pad2)")
    (add_net "Net-(PS1-Pad6)")
    (add_net "Net-(R10-Pad2)")
    (add_net "Net-(R11-Pad2)")
    (add_net "Net-(R12-Pad2)")
    (add_net "Net-(R2-Pad1)")
    (add_net "Net-(R3-Pad1)")
    (add_net "Net-(R9-Pad2)")
    (add_net "Net-(SW1-Pad1)")
    (add_net "Net-(SW1-Pad2)")
    (add_net "Net-(U1-Pad10)")
    (add_net "Net-(U1-Pad45)")
    (add_net "Net-(U1-Pad53)")
    (add_net "Net-(U1-Pad54)")
    (add_net "Net-(U1-Pad55)")
    (add_net "Net-(U1-Pad57)")
    (add_net "Net-(U1-Pad58)")
    (add_net "Net-(U1-Pad59)")
    (add_net "Net-(U1-Pad91)")
    (add_net "Net-(U1-Pad92)")
    (add_net "Net-(U2-Pad10)")
    (add_net "Net-(U2-Pad12)")
    (add_net "Net-(U2-Pad13)")
    (add_net "Net-(U2-Pad14)")
    (add_net "Net-(U2-Pad15)")
    (add_net "Net-(U2-Pad16)")
    (add_net "Net-(U2-Pad17)")
    (add_net "Net-(U2-Pad18)")
    (add_net "Net-(U2-Pad19)")
    (add_net "Net-(U2-Pad2)")
    (add_net "Net-(U2-Pad20)")
    (add_net "Net-(U2-Pad21)")
    (add_net "Net-(U2-Pad22)")
    (add_net "Net-(U2-Pad23)")
    (add_net "Net-(U2-Pad24)")
    (add_net "Net-(U2-Pad25)")
    (add_net "Net-(U2-Pad27)")
    (add_net "Net-(U2-Pad28)")
    (add_net "Net-(U2-Pad29)")
    (add_net "Net-(U2-Pad3)")
    (add_net "Net-(U2-Pad34)")
    (add_net "Net-(U2-Pad35)")
    (add_net "Net-(U2-Pad36)")
    (add_net "Net-(U2-Pad37)")
    (add_net "Net-(U2-Pad38)")
    (add_net "Net-(U2-Pad39)")
    (add_net "Net-(U2-Pad40)")
    (add_net "Net-(U2-Pad41)")
    (add_net "Net-(U2-Pad42)")
    (add_net "Net-(U2-Pad44)")
    (add_net "Net-(U2-Pad45)")
    (add_net "Net-(U2-Pad47)")
    (add_net "Net-(U2-Pad48)")
    (add_net "Net-(U2-Pad5)")
    (add_net "Net-(U2-Pad6)")
    (add_net "Net-(U2-Pad7)")
    (add_net "Net-(U2-Pad8)")
    (add_net "Net-(U4-Pad1)")
    (add_net "Net-(U4-Pad11)")
    (add_net "Net-(U4-Pad12)")
    (add_net "Net-(U4-Pad13)")
    (add_net "Net-(U4-Pad14)")
    (add_net "Net-(U4-Pad18)")
    (add_net "Net-(U4-Pad2)")
    (add_net "Net-(U4-Pad20)")
    (add_net "Net-(U4-Pad4)")
    (add_net "Net-(U4-Pad5)")
    (add_net "Net-(U4-Pad7)")
    (add_net "Net-(U4-Pad8)")
    (add_net "Net-(U4-Pad9)")
    (add_net "Net-(U5-Pad6)")
    (add_net "Net-(U5-Pad7)")
    (add_net "Net-(U6-Pad1)")
    (add_net OLED_MISO)
    (add_net OLED_MOSI)
    (add_net OLED_SCK)
    (add_net P0.03\D7\1.6B)
    (add_net P0.04\D8\1.6B)
    (add_net P0.05\USB_UART_RX\1.7E)
    (add_net P0.06\USB_UART_TX\1.7D)
    (add_net P0.12\MD\1.8B)
    (add_net P0.13\A0\1.8B)
    (add_net P0.14\A1\1.8B)
    (add_net P0.15\A2\1.8B)
    (add_net P0.16\A3\1.6B)
    (add_net P0.16\A3\1.8B)
    (add_net P0.17\A4\1.8B)
    (add_net P0.18\A5\1.8B)
    (add_net P0.20\VBAT_MEAS\1.5D)
    (add_net P0.21\COPI\1.8B)
    (add_net P0.22\CIPO\1.8B)
    (add_net P0.23\RX\1.8B)
    (add_net P0.24\TX\1.8B)
    (add_net P0.25\VBAT_MEAS_EN\1.4D)
    (add_net P0.31\NRF_PS_EN\1.1B)
    (add_net RESET\1.8B)
    (add_net RTC_PS_EN\3.6C)
    (add_net RTS)
    (add_net RXD)
    (add_net SCLK)
    (add_net SDIN)
    (add_net SDOUT)
    (add_net SIM_VCC)
    (add_net SS)
    (add_net TXD)
    (add_net VBUS)
  )

  (net_class RF ""
    (clearance 0.1524)
    (trace_width 0.3)
    (via_dia 0.508)
    (via_drill 0.254)
    (uvia_dia 0.3)
    (uvia_drill 0.1)
    (add_net LTE_ANT)
  )

  (module Inductor_SMD:L_0402_1005Metric (layer F.Cu) (tedit 5F68FEF0) (tstamp 62AF96D1)
    (at 101.7294 11.5824)
    (descr "Inductor SMD 0402 (1005 Metric), square (rectangular) end terminal, IPC_7351 nominal, (Body size source: http://www.tortai-tech.com/upload/download/2011102023233369053.pdf), generated with kicad-footprint-generator")
    (tags inductor)
    (path /62B238AD)
    (attr smd)
    (fp_text reference L2 (at 0 -1.17) (layer F.SilkS)
      (effects (font (size 1 1) (thickness 0.15)))
    )
    (fp_text value "250mA 39nH" (at 0 1.17) (layer F.Fab)
      (effects (font (size 1 1) (thickness 0.15)))
    )
    (fp_text user %R (at 0 0) (layer F.Fab)
      (effects (font (size 0.25 0.25) (thickness 0.04)))
    )
    (fp_line (start -0.5 0.25) (end -0.5 -0.25) (layer F.Fab) (width 0.1))
    (fp_line (start -0.5 -0.25) (end 0.5 -0.25) (layer F.Fab) (width 0.1))
    (fp_line (start 0.5 -0.25) (end 0.5 0.25) (layer F.Fab) (width 0.1))
    (fp_line (start 0.5 0.25) (end -0.5 0.25) (layer F.Fab) (width 0.1))
    (fp_line (start -0.93 0.47) (end -0.93 -0.47) (layer F.CrtYd) (width 0.05))
    (fp_line (start -0.93 -0.47) (end 0.93 -0.47) (layer F.CrtYd) (width 0.05))
    (fp_line (start 0.93 -0.47) (end 0.93 0.47) (layer F.CrtYd) (width 0.05))
    (fp_line (start 0.93 0.47) (end -0.93 0.47) (layer F.CrtYd) (width 0.05))
    (pad 2 smd roundrect (at 0.485 0) (size 0.59 0.64) (layers F.Cu F.Paste F.Mask) (roundrect_rratio 0.25)
      (net 52 -BATT))
    (pad 1 smd roundrect (at -0.485 0) (size 0.59 0.64) (layers F.Cu F.Paste F.Mask) (roundrect_rratio 0.25)
      (net 172 "Net-(C26-Pad1)"))
    (model ${KISYS3DMOD}/Inductor_SMD.3dshapes/L_0402_1005Metric.wrl
      (at (xyz 0 0 0))
      (scale (xyz 1 1 1))
      (rotate (xyz 0 0 0))
    )
  )

  (module library:TAOGLAS_EMPCB.SMAFSTJ.B.HT (layer F.Cu) (tedit 62AD8DED) (tstamp 62AF7DD4)
    (at 105.9688 7.4168 180)
    (path /62B2703F)
    (fp_text reference J8 (at -0.13514 -3.84871) (layer F.SilkS)
      (effects (font (size 1.000961 1.000961) (thickness 0.15)))
    )
    (fp_text value LTE_ANT_SMA (at 13.20051 12.745575) (layer F.Fab)
      (effects (font (size 1.000039 1.000039) (thickness 0.15)))
    )
    (fp_text user "PCB EDGE" (at 3.80679 2.10375) (layer F.Fab)
      (effects (font (size 0.320572 0.320572) (thickness 0.15)))
    )
    (fp_line (start -3.175 -1.52) (end 3.175 -1.52) (layer F.Fab) (width 0.127))
    (fp_line (start 3.175 -1.52) (end 3.175 11.78) (layer F.Fab) (width 0.127))
    (fp_line (start 3.175 11.78) (end -3.175 11.78) (layer F.Fab) (width 0.127))
    (fp_line (start -3.175 11.78) (end -3.175 2.28) (layer F.Fab) (width 0.127))
    (fp_line (start -3.175 2.28) (end -3.175 -1.52) (layer F.Fab) (width 0.127))
    (fp_line (start -3.52 -2.53) (end 3.52 -2.53) (layer F.CrtYd) (width 0.05))
    (fp_line (start 3.52 -2.53) (end 3.52 12.03) (layer F.CrtYd) (width 0.05))
    (fp_line (start 3.52 12.03) (end -3.52 12.03) (layer F.CrtYd) (width 0.05))
    (fp_line (start -3.52 12.03) (end -3.52 -2.53) (layer F.CrtYd) (width 0.05))
    (fp_line (start -3.52 -2.53) (end 3.52 -2.53) (layer B.CrtYd) (width 0.05))
    (fp_line (start -3.52 12.03) (end -3.52 -2.53) (layer B.CrtYd) (width 0.05))
    (fp_line (start 3.52 -2.53) (end 3.52 12.03) (layer B.CrtYd) (width 0.05))
    (fp_line (start 3.52 12.03) (end -3.52 12.03) (layer B.CrtYd) (width 0.05))
    (fp_circle (center -0.073 -2.888) (end 0.027 -2.888) (layer F.SilkS) (width 0.3))
    (fp_line (start -3.175 2.28) (end 5 2.28) (layer F.Fab) (width 0.127))
    (fp_line (start -1.9 -1.52) (end -0.8 -1.52) (layer F.SilkS) (width 0.127))
    (fp_line (start 0.8 -1.52) (end 1.9 -1.52) (layer F.SilkS) (width 0.127))
    (fp_line (start -1.9 2.28) (end -0.8 2.28) (layer F.SilkS) (width 0.127))
    (fp_line (start 0.8 2.28) (end 1.9 2.28) (layer F.SilkS) (width 0.127))
    (pad SH4 smd rect (at 2.77 0 180) (size 1 4.56) (layers B.Cu B.Paste B.Mask))
    (pad SH3 smd rect (at -2.77 0 180) (size 1 4.56) (layers B.Cu B.Paste B.Mask))
    (pad SH2 smd rect (at 2.77 0 180) (size 1 4.56) (layers F.Cu F.Paste F.Mask))
    (pad SH1 smd rect (at -2.77 0 180) (size 1 4.56) (layers F.Cu F.Paste F.Mask))
    (pad 1 smd rect (at 0 0 180) (size 0.85 4.56) (layers F.Cu F.Paste F.Mask)
      (net 172 "Net-(C26-Pad1)"))
  )

  (module Capacitor_SMD:C_0402_1005Metric (layer F.Cu) (tedit 5F68FEEE) (tstamp 62AF7AAF)
    (at 107.3656 12.8016)
    (descr "Capacitor SMD 0402 (1005 Metric), square (rectangular) end terminal, IPC_7351 nominal, (Body size source: IPC-SM-782 page 76, https://www.pcb-3d.com/wordpress/wp-content/uploads/ipc-sm-782a_amendment_1_and_2.pdf), generated with kicad-footprint-generator")
    (tags capacitor)
    (path /62B22BB2)
    (attr smd)
    (fp_text reference C26 (at 0 -1.16) (layer F.SilkS)
      (effects (font (size 1 1) (thickness 0.15)))
    )
    (fp_text value "50V 15pF" (at 0 1.16) (layer F.Fab)
      (effects (font (size 1 1) (thickness 0.15)))
    )
    (fp_text user %R (at 0 0) (layer F.Fab)
      (effects (font (size 0.25 0.25) (thickness 0.04)))
    )
    (fp_line (start -0.5 0.25) (end -0.5 -0.25) (layer F.Fab) (width 0.1))
    (fp_line (start -0.5 -0.25) (end 0.5 -0.25) (layer F.Fab) (width 0.1))
    (fp_line (start 0.5 -0.25) (end 0.5 0.25) (layer F.Fab) (width 0.1))
    (fp_line (start 0.5 0.25) (end -0.5 0.25) (layer F.Fab) (width 0.1))
    (fp_line (start -0.107836 -0.36) (end 0.107836 -0.36) (layer F.SilkS) (width 0.12))
    (fp_line (start -0.107836 0.36) (end 0.107836 0.36) (layer F.SilkS) (width 0.12))
    (fp_line (start -0.91 0.46) (end -0.91 -0.46) (layer F.CrtYd) (width 0.05))
    (fp_line (start -0.91 -0.46) (end 0.91 -0.46) (layer F.CrtYd) (width 0.05))
    (fp_line (start 0.91 -0.46) (end 0.91 0.46) (layer F.CrtYd) (width 0.05))
    (fp_line (start 0.91 0.46) (end -0.91 0.46) (layer F.CrtYd) (width 0.05))
    (pad 2 smd roundrect (at 0.48 0) (size 0.56 0.62) (layers F.Cu F.Paste F.Mask) (roundrect_rratio 0.25)
      (net 149 LTE_ANT))
    (pad 1 smd roundrect (at -0.48 0) (size 0.56 0.62) (layers F.Cu F.Paste F.Mask) (roundrect_rratio 0.25)
      (net 172 "Net-(C26-Pad1)"))
    (model ${KISYS3DMOD}/Capacitor_SMD.3dshapes/C_0402_1005Metric.wrl
      (at (xyz 0 0 0))
      (scale (xyz 1 1 1))
      (rotate (xyz 0 0 0))
    )
  )

  (module Capacitor_SMD:C_0402_1005Metric (layer F.Cu) (tedit 5F68FEEE) (tstamp 62AF7A9E)
    (at 104.8512 12.3444)
    (descr "Capacitor SMD 0402 (1005 Metric), square (rectangular) end terminal, IPC_7351 nominal, (Body size source: IPC-SM-782 page 76, https://www.pcb-3d.com/wordpress/wp-content/uploads/ipc-sm-782a_amendment_1_and_2.pdf), generated with kicad-footprint-generator")
    (tags capacitor)
    (path /62B203CC)
    (attr smd)
    (fp_text reference C25 (at -7.4676 -1.0076) (layer F.SilkS)
      (effects (font (size 1 1) (thickness 0.15)))
    )
    (fp_text value "50V 15pF" (at 0 1.16) (layer F.Fab)
      (effects (font (size 1 1) (thickness 0.15)))
    )
    (fp_text user %R (at 0 0) (layer F.Fab)
      (effects (font (size 0.25 0.25) (thickness 0.04)))
    )
    (fp_line (start -0.5 0.25) (end -0.5 -0.25) (layer F.Fab) (width 0.1))
    (fp_line (start -0.5 -0.25) (end 0.5 -0.25) (layer F.Fab) (width 0.1))
    (fp_line (start 0.5 -0.25) (end 0.5 0.25) (layer F.Fab) (width 0.1))
    (fp_line (start 0.5 0.25) (end -0.5 0.25) (layer F.Fab) (width 0.1))
    (fp_line (start -0.107836 -0.36) (end 0.107836 -0.36) (layer F.SilkS) (width 0.12))
    (fp_line (start -0.107836 0.36) (end 0.107836 0.36) (layer F.SilkS) (width 0.12))
    (fp_line (start -0.91 0.46) (end -0.91 -0.46) (layer F.CrtYd) (width 0.05))
    (fp_line (start -0.91 -0.46) (end 0.91 -0.46) (layer F.CrtYd) (width 0.05))
    (fp_line (start 0.91 -0.46) (end 0.91 0.46) (layer F.CrtYd) (width 0.05))
    (fp_line (start 0.91 0.46) (end -0.91 0.46) (layer F.CrtYd) (width 0.05))
    (pad 2 smd roundrect (at 0.48 0) (size 0.56 0.62) (layers F.Cu F.Paste F.Mask) (roundrect_rratio 0.25)
      (net 52 -BATT))
    (pad 1 smd roundrect (at -0.48 0) (size 0.56 0.62) (layers F.Cu F.Paste F.Mask) (roundrect_rratio 0.25)
      (net 149 LTE_ANT))
    (model ${KISYS3DMOD}/Capacitor_SMD.3dshapes/C_0402_1005Metric.wrl
      (at (xyz 0 0 0))
      (scale (xyz 1 1 1))
      (rotate (xyz 0 0 0))
    )
  )

  (module Capacitor_SMD:C_0603_1608Metric (layer B.Cu) (tedit 5F68FEEE) (tstamp 62AF3BD2)
    (at 102.5652 87.884 180)
    (descr "Capacitor SMD 0603 (1608 Metric), square (rectangular) end terminal, IPC_7351 nominal, (Body size source: IPC-SM-782 page 76, https://www.pcb-3d.com/wordpress/wp-content/uploads/ipc-sm-782a_amendment_1_and_2.pdf), generated with kicad-footprint-generator")
    (tags capacitor)
    (path /62B0F158)
    (attr smd)
    (fp_text reference C24 (at 0 1.43) (layer B.SilkS)
      (effects (font (size 1 1) (thickness 0.15)) (justify mirror))
    )
    (fp_text value 10uF (at 3.4544 0) (layer B.Fab)
      (effects (font (size 1 1) (thickness 0.15)) (justify mirror))
    )
    (fp_line (start 1.48 -0.73) (end -1.48 -0.73) (layer B.CrtYd) (width 0.05))
    (fp_line (start 1.48 0.73) (end 1.48 -0.73) (layer B.CrtYd) (width 0.05))
    (fp_line (start -1.48 0.73) (end 1.48 0.73) (layer B.CrtYd) (width 0.05))
    (fp_line (start -1.48 -0.73) (end -1.48 0.73) (layer B.CrtYd) (width 0.05))
    (fp_line (start -0.14058 -0.51) (end 0.14058 -0.51) (layer B.SilkS) (width 0.12))
    (fp_line (start -0.14058 0.51) (end 0.14058 0.51) (layer B.SilkS) (width 0.12))
    (fp_line (start 0.8 -0.4) (end -0.8 -0.4) (layer B.Fab) (width 0.1))
    (fp_line (start 0.8 0.4) (end 0.8 -0.4) (layer B.Fab) (width 0.1))
    (fp_line (start -0.8 0.4) (end 0.8 0.4) (layer B.Fab) (width 0.1))
    (fp_line (start -0.8 -0.4) (end -0.8 0.4) (layer B.Fab) (width 0.1))
    (fp_text user %R (at 0 0) (layer B.Fab)
      (effects (font (size 0.4 0.4) (thickness 0.06)) (justify mirror))
    )
    (pad 2 smd roundrect (at 0.775 0 180) (size 0.9 0.95) (layers B.Cu B.Paste B.Mask) (roundrect_rratio 0.25)
      (net 52 -BATT))
    (pad 1 smd roundrect (at -0.775 0 180) (size 0.9 0.95) (layers B.Cu B.Paste B.Mask) (roundrect_rratio 0.25)
      (net 160 /VIN))
    (model ${KISYS3DMOD}/Capacitor_SMD.3dshapes/C_0603_1608Metric.wrl
      (at (xyz 0 0 0))
      (scale (xyz 1 1 1))
      (rotate (xyz 0 0 0))
    )
  )

  (module Capacitor_SMD:C_0402_1005Metric (layer B.Cu) (tedit 5F68FEEE) (tstamp 62AA314F)
    (at 106.5556 97.2312)
    (descr "Capacitor SMD 0402 (1005 Metric), square (rectangular) end terminal, IPC_7351 nominal, (Body size source: IPC-SM-782 page 76, https://www.pcb-3d.com/wordpress/wp-content/uploads/ipc-sm-782a_amendment_1_and_2.pdf), generated with kicad-footprint-generator")
    (tags capacitor)
    (path /6117C407)
    (attr smd)
    (fp_text reference C23 (at 0 1.16) (layer B.SilkS)
      (effects (font (size 1 1) (thickness 0.15)) (justify mirror))
    )
    (fp_text value 10u (at 0 -1.16) (layer B.Fab)
      (effects (font (size 1 1) (thickness 0.15)) (justify mirror))
    )
    (fp_line (start 0.91 -0.46) (end -0.91 -0.46) (layer B.CrtYd) (width 0.05))
    (fp_line (start 0.91 0.46) (end 0.91 -0.46) (layer B.CrtYd) (width 0.05))
    (fp_line (start -0.91 0.46) (end 0.91 0.46) (layer B.CrtYd) (width 0.05))
    (fp_line (start -0.91 -0.46) (end -0.91 0.46) (layer B.CrtYd) (width 0.05))
    (fp_line (start -0.107836 -0.36) (end 0.107836 -0.36) (layer B.SilkS) (width 0.12))
    (fp_line (start -0.107836 0.36) (end 0.107836 0.36) (layer B.SilkS) (width 0.12))
    (fp_line (start 0.5 -0.25) (end -0.5 -0.25) (layer B.Fab) (width 0.1))
    (fp_line (start 0.5 0.25) (end 0.5 -0.25) (layer B.Fab) (width 0.1))
    (fp_line (start -0.5 0.25) (end 0.5 0.25) (layer B.Fab) (width 0.1))
    (fp_line (start -0.5 -0.25) (end -0.5 0.25) (layer B.Fab) (width 0.1))
    (fp_text user %R (at 1.8288 0.1016) (layer B.Fab)
      (effects (font (size 0.25 0.25) (thickness 0.04)) (justify mirror))
    )
    (pad 2 smd roundrect (at 0.48 0) (size 0.56 0.62) (layers B.Cu B.Paste B.Mask) (roundrect_rratio 0.25)
      (net 52 -BATT))
    (pad 1 smd roundrect (at -0.48 0) (size 0.56 0.62) (layers B.Cu B.Paste B.Mask) (roundrect_rratio 0.25)
      (net 7 +3V3))
    (model ${KISYS3DMOD}/Capacitor_SMD.3dshapes/C_0402_1005Metric.wrl
      (at (xyz 0 0 0))
      (scale (xyz 1 1 1))
      (rotate (xyz 0 0 0))
    )
  )

  (module Capacitor_SMD:C_0402_1005Metric (layer B.Cu) (tedit 5F68FEEE) (tstamp 62AA313E)
    (at 106.454 101.346)
    (descr "Capacitor SMD 0402 (1005 Metric), square (rectangular) end terminal, IPC_7351 nominal, (Body size source: IPC-SM-782 page 76, https://www.pcb-3d.com/wordpress/wp-content/uploads/ipc-sm-782a_amendment_1_and_2.pdf), generated with kicad-footprint-generator")
    (tags capacitor)
    (path /611772CC)
    (attr smd)
    (fp_text reference C22 (at 0 1.16) (layer B.SilkS)
      (effects (font (size 1 1) (thickness 0.15)) (justify mirror))
    )
    (fp_text value 10u (at 0 -1.16) (layer B.Fab)
      (effects (font (size 1 1) (thickness 0.15)) (justify mirror))
    )
    (fp_line (start 0.91 -0.46) (end -0.91 -0.46) (layer B.CrtYd) (width 0.05))
    (fp_line (start 0.91 0.46) (end 0.91 -0.46) (layer B.CrtYd) (width 0.05))
    (fp_line (start -0.91 0.46) (end 0.91 0.46) (layer B.CrtYd) (width 0.05))
    (fp_line (start -0.91 -0.46) (end -0.91 0.46) (layer B.CrtYd) (width 0.05))
    (fp_line (start -0.107836 -0.36) (end 0.107836 -0.36) (layer B.SilkS) (width 0.12))
    (fp_line (start -0.107836 0.36) (end 0.107836 0.36) (layer B.SilkS) (width 0.12))
    (fp_line (start 0.5 -0.25) (end -0.5 -0.25) (layer B.Fab) (width 0.1))
    (fp_line (start 0.5 0.25) (end 0.5 -0.25) (layer B.Fab) (width 0.1))
    (fp_line (start -0.5 0.25) (end 0.5 0.25) (layer B.Fab) (width 0.1))
    (fp_line (start -0.5 -0.25) (end -0.5 0.25) (layer B.Fab) (width 0.1))
    (fp_text user %R (at 0 0) (layer B.Fab)
      (effects (font (size 0.25 0.25) (thickness 0.04)) (justify mirror))
    )
    (pad 2 smd roundrect (at 0.48 0) (size 0.56 0.62) (layers B.Cu B.Paste B.Mask) (roundrect_rratio 0.25)
      (net 52 -BATT))
    (pad 1 smd roundrect (at -0.48 0) (size 0.56 0.62) (layers B.Cu B.Paste B.Mask) (roundrect_rratio 0.25)
      (net 7 +3V3))
    (model ${KISYS3DMOD}/Capacitor_SMD.3dshapes/C_0402_1005Metric.wrl
      (at (xyz 0 0 0))
      (scale (xyz 1 1 1))
      (rotate (xyz 0 0 0))
    )
  )

  (module Capacitor_SMD:C_0402_1005Metric (layer F.Cu) (tedit 5F68FEEE) (tstamp 62AA312D)
    (at 71.615 17.78)
    (descr "Capacitor SMD 0402 (1005 Metric), square (rectangular) end terminal, IPC_7351 nominal, (Body size source: IPC-SM-782 page 76, https://www.pcb-3d.com/wordpress/wp-content/uploads/ipc-sm-782a_amendment_1_and_2.pdf), generated with kicad-footprint-generator")
    (tags capacitor)
    (path /629E24BD)
    (attr smd)
    (fp_text reference C21 (at 0 -1.16) (layer F.SilkS)
      (effects (font (size 1 1) (thickness 0.15)))
    )
    (fp_text value 1uF (at 0 1.16) (layer F.Fab)
      (effects (font (size 1 1) (thickness 0.15)))
    )
    (fp_line (start 0.91 0.46) (end -0.91 0.46) (layer F.CrtYd) (width 0.05))
    (fp_line (start 0.91 -0.46) (end 0.91 0.46) (layer F.CrtYd) (width 0.05))
    (fp_line (start -0.91 -0.46) (end 0.91 -0.46) (layer F.CrtYd) (width 0.05))
    (fp_line (start -0.91 0.46) (end -0.91 -0.46) (layer F.CrtYd) (width 0.05))
    (fp_line (start -0.107836 0.36) (end 0.107836 0.36) (layer F.SilkS) (width 0.12))
    (fp_line (start -0.107836 -0.36) (end 0.107836 -0.36) (layer F.SilkS) (width 0.12))
    (fp_line (start 0.5 0.25) (end -0.5 0.25) (layer F.Fab) (width 0.1))
    (fp_line (start 0.5 -0.25) (end 0.5 0.25) (layer F.Fab) (width 0.1))
    (fp_line (start -0.5 -0.25) (end 0.5 -0.25) (layer F.Fab) (width 0.1))
    (fp_line (start -0.5 0.25) (end -0.5 -0.25) (layer F.Fab) (width 0.1))
    (fp_text user %R (at 0 0) (layer F.Fab)
      (effects (font (size 0.25 0.25) (thickness 0.04)))
    )
    (pad 2 smd roundrect (at 0.48 0) (size 0.56 0.62) (layers F.Cu F.Paste F.Mask) (roundrect_rratio 0.25)
      (net 71 "Net-(C21-Pad2)"))
    (pad 1 smd roundrect (at -0.48 0) (size 0.56 0.62) (layers F.Cu F.Paste F.Mask) (roundrect_rratio 0.25)
      (net 90 "Net-(C21-Pad1)"))
    (model ${KISYS3DMOD}/Capacitor_SMD.3dshapes/C_0402_1005Metric.wrl
      (at (xyz 0 0 0))
      (scale (xyz 1 1 1))
      (rotate (xyz 0 0 0))
    )
  )

  (module Capacitor_SMD:C_0402_1005Metric (layer F.Cu) (tedit 5F68FEEE) (tstamp 62AA311C)
    (at 66.535 17.78)
    (descr "Capacitor SMD 0402 (1005 Metric), square (rectangular) end terminal, IPC_7351 nominal, (Body size source: IPC-SM-782 page 76, https://www.pcb-3d.com/wordpress/wp-content/uploads/ipc-sm-782a_amendment_1_and_2.pdf), generated with kicad-footprint-generator")
    (tags capacitor)
    (path /629E2663)
    (attr smd)
    (fp_text reference C20 (at 0 -1.16) (layer F.SilkS)
      (effects (font (size 1 1) (thickness 0.15)))
    )
    (fp_text value 1uF (at 0 1.16) (layer F.Fab)
      (effects (font (size 1 1) (thickness 0.15)))
    )
    (fp_line (start 0.91 0.46) (end -0.91 0.46) (layer F.CrtYd) (width 0.05))
    (fp_line (start 0.91 -0.46) (end 0.91 0.46) (layer F.CrtYd) (width 0.05))
    (fp_line (start -0.91 -0.46) (end 0.91 -0.46) (layer F.CrtYd) (width 0.05))
    (fp_line (start -0.91 0.46) (end -0.91 -0.46) (layer F.CrtYd) (width 0.05))
    (fp_line (start -0.107836 0.36) (end 0.107836 0.36) (layer F.SilkS) (width 0.12))
    (fp_line (start -0.107836 -0.36) (end 0.107836 -0.36) (layer F.SilkS) (width 0.12))
    (fp_line (start 0.5 0.25) (end -0.5 0.25) (layer F.Fab) (width 0.1))
    (fp_line (start 0.5 -0.25) (end 0.5 0.25) (layer F.Fab) (width 0.1))
    (fp_line (start -0.5 -0.25) (end 0.5 -0.25) (layer F.Fab) (width 0.1))
    (fp_line (start -0.5 0.25) (end -0.5 -0.25) (layer F.Fab) (width 0.1))
    (fp_text user %R (at 0 0) (layer F.Fab)
      (effects (font (size 0.25 0.25) (thickness 0.04)))
    )
    (pad 2 smd roundrect (at 0.48 0) (size 0.56 0.62) (layers F.Cu F.Paste F.Mask) (roundrect_rratio 0.25)
      (net 70 "Net-(C20-Pad2)"))
    (pad 1 smd roundrect (at -0.48 0) (size 0.56 0.62) (layers F.Cu F.Paste F.Mask) (roundrect_rratio 0.25)
      (net 89 "Net-(C20-Pad1)"))
    (model ${KISYS3DMOD}/Capacitor_SMD.3dshapes/C_0402_1005Metric.wrl
      (at (xyz 0 0 0))
      (scale (xyz 1 1 1))
      (rotate (xyz 0 0 0))
    )
  )

  (module Capacitor_SMD:C_0402_1005Metric (layer F.Cu) (tedit 5F68FEEE) (tstamp 62AA310B)
    (at 66.535 29.21)
    (descr "Capacitor SMD 0402 (1005 Metric), square (rectangular) end terminal, IPC_7351 nominal, (Body size source: IPC-SM-782 page 76, https://www.pcb-3d.com/wordpress/wp-content/uploads/ipc-sm-782a_amendment_1_and_2.pdf), generated with kicad-footprint-generator")
    (tags capacitor)
    (path /628E764D)
    (attr smd)
    (fp_text reference C19 (at 0 -1.16) (layer F.SilkS)
      (effects (font (size 1 1) (thickness 0.15)))
    )
    (fp_text value 0.1uF (at 0 1.16) (layer F.Fab)
      (effects (font (size 1 1) (thickness 0.15)))
    )
    (fp_line (start 0.91 0.46) (end -0.91 0.46) (layer F.CrtYd) (width 0.05))
    (fp_line (start 0.91 -0.46) (end 0.91 0.46) (layer F.CrtYd) (width 0.05))
    (fp_line (start -0.91 -0.46) (end 0.91 -0.46) (layer F.CrtYd) (width 0.05))
    (fp_line (start -0.91 0.46) (end -0.91 -0.46) (layer F.CrtYd) (width 0.05))
    (fp_line (start -0.107836 0.36) (end 0.107836 0.36) (layer F.SilkS) (width 0.12))
    (fp_line (start -0.107836 -0.36) (end 0.107836 -0.36) (layer F.SilkS) (width 0.12))
    (fp_line (start 0.5 0.25) (end -0.5 0.25) (layer F.Fab) (width 0.1))
    (fp_line (start 0.5 -0.25) (end 0.5 0.25) (layer F.Fab) (width 0.1))
    (fp_line (start -0.5 -0.25) (end 0.5 -0.25) (layer F.Fab) (width 0.1))
    (fp_line (start -0.5 0.25) (end -0.5 -0.25) (layer F.Fab) (width 0.1))
    (fp_text user %R (at 0 0) (layer F.Fab)
      (effects (font (size 0.25 0.25) (thickness 0.04)))
    )
    (pad 2 smd roundrect (at 0.48 0) (size 0.56 0.62) (layers F.Cu F.Paste F.Mask) (roundrect_rratio 0.25)
      (net 52 -BATT))
    (pad 1 smd roundrect (at -0.48 0) (size 0.56 0.62) (layers F.Cu F.Paste F.Mask) (roundrect_rratio 0.25)
      (net 67 "Net-(C19-Pad1)"))
    (model ${KISYS3DMOD}/Capacitor_SMD.3dshapes/C_0402_1005Metric.wrl
      (at (xyz 0 0 0))
      (scale (xyz 1 1 1))
      (rotate (xyz 0 0 0))
    )
  )

  (module Capacitor_SMD:C_0402_1005Metric (layer F.Cu) (tedit 5F68FEEE) (tstamp 62AA30FA)
    (at 91.935 15.24)
    (descr "Capacitor SMD 0402 (1005 Metric), square (rectangular) end terminal, IPC_7351 nominal, (Body size source: IPC-SM-782 page 76, https://www.pcb-3d.com/wordpress/wp-content/uploads/ipc-sm-782a_amendment_1_and_2.pdf), generated with kicad-footprint-generator")
    (tags capacitor)
    (path /629652ED)
    (attr smd)
    (fp_text reference C18 (at 0 -1.16) (layer F.SilkS)
      (effects (font (size 1 1) (thickness 0.15)))
    )
    (fp_text value 0.1uF (at 0 1.16) (layer F.Fab)
      (effects (font (size 1 1) (thickness 0.15)))
    )
    (fp_line (start 0.91 0.46) (end -0.91 0.46) (layer F.CrtYd) (width 0.05))
    (fp_line (start 0.91 -0.46) (end 0.91 0.46) (layer F.CrtYd) (width 0.05))
    (fp_line (start -0.91 -0.46) (end 0.91 -0.46) (layer F.CrtYd) (width 0.05))
    (fp_line (start -0.91 0.46) (end -0.91 -0.46) (layer F.CrtYd) (width 0.05))
    (fp_line (start -0.107836 0.36) (end 0.107836 0.36) (layer F.SilkS) (width 0.12))
    (fp_line (start -0.107836 -0.36) (end 0.107836 -0.36) (layer F.SilkS) (width 0.12))
    (fp_line (start 0.5 0.25) (end -0.5 0.25) (layer F.Fab) (width 0.1))
    (fp_line (start 0.5 -0.25) (end 0.5 0.25) (layer F.Fab) (width 0.1))
    (fp_line (start -0.5 -0.25) (end 0.5 -0.25) (layer F.Fab) (width 0.1))
    (fp_line (start -0.5 0.25) (end -0.5 -0.25) (layer F.Fab) (width 0.1))
    (fp_text user %R (at 0 0) (layer F.Fab)
      (effects (font (size 0.25 0.25) (thickness 0.04)))
    )
    (pad 2 smd roundrect (at 0.48 0) (size 0.56 0.62) (layers F.Cu F.Paste F.Mask) (roundrect_rratio 0.25)
      (net 72 "Net-(C18-Pad2)"))
    (pad 1 smd roundrect (at -0.48 0) (size 0.56 0.62) (layers F.Cu F.Paste F.Mask) (roundrect_rratio 0.25)
      (net 88 MIC))
    (model ${KISYS3DMOD}/Capacitor_SMD.3dshapes/C_0402_1005Metric.wrl
      (at (xyz 0 0 0))
      (scale (xyz 1 1 1))
      (rotate (xyz 0 0 0))
    )
  )

  (module Capacitor_SMD:C_0402_1005Metric (layer B.Cu) (tedit 5F68FEEE) (tstamp 62AA30E9)
    (at 103.4288 89.9896 270)
    (descr "Capacitor SMD 0402 (1005 Metric), square (rectangular) end terminal, IPC_7351 nominal, (Body size source: IPC-SM-782 page 76, https://www.pcb-3d.com/wordpress/wp-content/uploads/ipc-sm-782a_amendment_1_and_2.pdf), generated with kicad-footprint-generator")
    (tags capacitor)
    (path /611845D9)
    (attr smd)
    (fp_text reference C17 (at -0.0228 1.2192 90) (layer B.SilkS)
      (effects (font (size 1 1) (thickness 0.15)) (justify mirror))
    )
    (fp_text value 10u (at 5.4076 0.1524) (layer B.Fab)
      (effects (font (size 1 1) (thickness 0.15)) (justify mirror))
    )
    (fp_line (start 0.91 -0.46) (end -0.91 -0.46) (layer B.CrtYd) (width 0.05))
    (fp_line (start 0.91 0.46) (end 0.91 -0.46) (layer B.CrtYd) (width 0.05))
    (fp_line (start -0.91 0.46) (end 0.91 0.46) (layer B.CrtYd) (width 0.05))
    (fp_line (start -0.91 -0.46) (end -0.91 0.46) (layer B.CrtYd) (width 0.05))
    (fp_line (start -0.107836 -0.36) (end 0.107836 -0.36) (layer B.SilkS) (width 0.12))
    (fp_line (start -0.107836 0.36) (end 0.107836 0.36) (layer B.SilkS) (width 0.12))
    (fp_line (start 0.5 -0.25) (end -0.5 -0.25) (layer B.Fab) (width 0.1))
    (fp_line (start 0.5 0.25) (end 0.5 -0.25) (layer B.Fab) (width 0.1))
    (fp_line (start -0.5 0.25) (end 0.5 0.25) (layer B.Fab) (width 0.1))
    (fp_line (start -0.5 -0.25) (end -0.5 0.25) (layer B.Fab) (width 0.1))
    (fp_text user %R (at 0.0508 -0.028 90) (layer B.Fab)
      (effects (font (size 0.25 0.25) (thickness 0.04)) (justify mirror))
    )
    (pad 2 smd roundrect (at 0.48 0 270) (size 0.56 0.62) (layers B.Cu B.Paste B.Mask) (roundrect_rratio 0.25)
      (net 87 "Net-(C14-Pad1)"))
    (pad 1 smd roundrect (at -0.48 0 270) (size 0.56 0.62) (layers B.Cu B.Paste B.Mask) (roundrect_rratio 0.25)
      (net 160 /VIN))
    (model ${KISYS3DMOD}/Capacitor_SMD.3dshapes/C_0402_1005Metric.wrl
      (at (xyz 0 0 0))
      (scale (xyz 1 1 1))
      (rotate (xyz 0 0 0))
    )
  )

  (module "library:SON50P300X300X100-11N(1)" (layer B.Cu) (tedit 62AC7779) (tstamp 62AA6E86)
    (at 88.392 104.8512 90)
    (path /61117387)
    (fp_text reference IC1 (at 1.076745 2.539135 90) (layer B.SilkS)
      (effects (font (size 1.00163 1.00163) (thickness 0.15)) (justify mirror))
    )
    (fp_text value MCP73113-16SI_MF (at 7.62 -0.9144 180) (layer B.Fab)
      (effects (font (size 1.000031 1.000031) (thickness 0.15)) (justify mirror))
    )
    (fp_line (start -2.12 -1.8) (end -2.12 1.8) (layer B.CrtYd) (width 0.05))
    (fp_line (start 2.12 -1.8) (end -2.12 -1.8) (layer B.CrtYd) (width 0.05))
    (fp_line (start 2.12 1.8) (end 2.12 -1.8) (layer B.CrtYd) (width 0.05))
    (fp_line (start -2.12 1.8) (end 2.12 1.8) (layer B.CrtYd) (width 0.05))
    (fp_circle (center -2.35 1.2) (end -2.25 1.2) (layer B.Fab) (width 0.2))
    (fp_circle (center -2.35 1.2) (end -2.25 1.2) (layer B.SilkS) (width 0.2))
    (fp_line (start -1.55 -1.55) (end -1.55 -1.345) (layer B.SilkS) (width 0.127))
    (fp_line (start 1.55 -1.55) (end 1.55 -1.345) (layer B.SilkS) (width 0.127))
    (fp_line (start 1.55 1.55) (end 1.55 1.345) (layer B.SilkS) (width 0.127))
    (fp_line (start -1.55 1.55) (end -1.55 1.345) (layer B.SilkS) (width 0.127))
    (fp_line (start -1.55 -1.55) (end 1.55 -1.55) (layer B.SilkS) (width 0.127))
    (fp_line (start 1.55 1.55) (end -1.55 1.55) (layer B.SilkS) (width 0.127))
    (fp_poly (pts (xy -0.500962 0.8) (xy 0.5 0.8) (xy 0.5 -0.80154) (xy -0.500962 -0.80154)) (layer B.Paste) (width 0.01))
    (fp_line (start -1.55 1.55) (end -1.55 -1.55) (layer B.Fab) (width 0.127))
    (fp_line (start 1.55 1.55) (end -1.55 1.55) (layer B.Fab) (width 0.127))
    (fp_line (start 1.55 -1.55) (end 1.55 1.55) (layer B.Fab) (width 0.127))
    (fp_line (start -1.55 -1.55) (end 1.55 -1.55) (layer B.Fab) (width 0.127))
    (pad 11 smd rect (at 0 0 90) (size 1.575 2.45) (layers B.Cu B.Mask)
      (net 164 "Net-(IC1-Pad11)"))
    (pad 10 smd rect (at 1.435 1 90) (size 0.86 0.26) (layers B.Cu B.Paste B.Mask)
      (net 110 "Net-(IC1-Pad10)"))
    (pad 9 smd rect (at 1.435 0.5 90) (size 0.86 0.26) (layers B.Cu B.Paste B.Mask)
      (net 52 -BATT))
    (pad 8 smd rect (at 1.435 0 90) (size 0.86 0.26) (layers B.Cu B.Paste B.Mask)
      (net 52 -BATT))
    (pad 7 smd rect (at 1.435 -0.5 90) (size 0.86 0.26) (layers B.Cu B.Paste B.Mask)
      (net 91 "Net-(D1-Pad1)"))
    (pad 6 smd rect (at 1.435 -1 90) (size 0.86 0.26) (layers B.Cu B.Paste B.Mask)
      (net 158 "Net-(IC1-Pad6)"))
    (pad 5 smd rect (at -1.435 -1 90) (size 0.86 0.26) (layers B.Cu B.Paste B.Mask)
      (net 159 "Net-(IC1-Pad5)"))
    (pad 4 smd rect (at -1.435 -0.5 90) (size 0.86 0.26) (layers B.Cu B.Paste B.Mask)
      (net 83 +BATT))
    (pad 3 smd rect (at -1.435 0 90) (size 0.86 0.26) (layers B.Cu B.Paste B.Mask)
      (net 83 +BATT))
